
Descriptive statistics
==============================================================
Statistic mpg  cyl disp   hp   drat wt  qsec vs  am  gear carb
--------------------------------------------------------------
N          32  32   32    32    32  32   32  32  32   32   32 
Mean      20.1 6.2 230.7 146.7 3.6  3.2 17.8 0.4 0.4 3.7  2.8 
St. Dev.  6.0  1.8 123.9 68.6  0.5  1.0 1.8  0.5 0.5 0.7  1.6 
Min        10   4   71    52   2.8  1.5 14.5  0   0   3    1  
Pctl(25)  15.4  4  120.8 96.5  3.1  2.6 16.9  0   0   3    2  
Pctl(75)  22.8  8   326   180  3.9  3.6 18.9  1   1   4    4  
Max        34   8   472   335  4.9  5.4 22.9  1   1   5    8  
--------------------------------------------------------------
